6.768368086242759058e-05 1.580659458724684441e-01 2.628876106742234486e-01 1.609091703998044021e-01 1.783684148974165051e-01 3.151306226234366209e-02 2.016370018255438379e-01 6.551110387337295664e-03
9.392298758798018493e-05 9.393731667602453353e-05 1.680160158814480650e-03 8.909348666690375396e-01 9.388352880247008295e-05 9.391096107035548754e-05 5.499231710346652591e-02 5.201700127454446376e-02
6.776828530446118710e-05 9.698718005529656863e-03 6.777197912776324138e-05 9.823183019383423531e-01 6.774709912484442784e-05 7.644076248359620712e-03 6.777126936818297703e-05 6.784517484311768424e-05
7.593714865182324761e-03 1.134680294065804479e-01 1.278852294106111731e-01 7.478781756029412298e-05 7.478642196795253513e-05 9.541817165141608381e-02 4.111667658708947903e-01 2.443185145557867921e-01
7.488754927025708828e-05 1.134971574144618689e-01 7.487086126278158559e-05 7.487925606119251237e-05 4.675952002655040657e-02 7.487881018886614762e-05 8.393689152092107530e-01 7.489087299382761432e-05
7.190317122765875046e-04 6.248930256382175235e-05 6.247287958163476210e-05 1.476487758281866056e-02 2.939473790722557101e-01 3.974156611701555250e-03 6.827865179743912716e-01 3.683074864410706799e-03
2.029478215191275470e-01 1.231224449192680720e-04 1.880563305515031355e-02 3.959983768925915415e-01 1.231160375784840985e-04 1.230966442145926701e-04 3.817557080264532554e-01 1.231253799650720718e-04
4.859046362414456977e-02 7.592289913616733106e-05 5.239211023286870390e-03 3.664700893213239108e-01 2.497673818435815901e-02 2.517628433267290154e-03 5.520540347881582877e-01 7.591172632461301519e-05
7.980647965749472744e-05 7.980854070605618799e-05 7.979930041473678754e-05 3.246028770833433996e-01 7.921084733042101089e-03 2.561125520480249732e-02 6.415455668010128232e-01 7.980185702079587329e-05
1.750824975158995220e-03 4.448270626859205702e-05 4.448349844718677183e-05 5.062383892231246962e-01 4.448323361566679034e-05 8.164392703291433254e-03 4.836684662256663936e-01 4.447743442705907212e-05
5.372769465090334332e-05 5.373525540847289461e-05 6.628273026213681307e-01 5.373806722457451218e-05 5.373570138665354276e-05 5.482701722983693987e-02 2.820770186347607011e-01 5.372479536375192002e-05
4.457655388960325427e-01 5.776459874149961248e-04 7.048363682616230177e-05 3.299242682791096726e-02 7.049127885449322074e-05 2.426920628114253575e-01 4.200905572365506296e-02 2.358222948378802808e-01
7.263467249999462551e-05 7.261869697313580961e-05 7.261878478161355656e-05 7.264650832066158641e-05 7.262413069016808009e-05 7.260690720300458855e-05 9.994916329200402849e-01 7.261737949120735172e-05
1.963702239542126915e-02 6.030230562596310823e-02 9.827865809061806131e-05 9.828640627968095959e-05 9.826455682821490483e-05 9.825277835020199298e-05 9.195693066170839147e-01 9.828296198297355028e-05
6.274694078315355434e-05 6.274259104932011289e-05 3.262980191691668419e-01 6.115024280022334224e-01 6.276077695730380773e-05 6.277024243794912127e-05 6.188578140581856707e-02 6.275087155347369944e-05
6.486581322090650970e-02 1.763700179897652429e-04 1.457275264398180670e-01 9.419203274184463127e-05 9.419447135239694614e-05 5.585573125954895052e-02 5.908621583043112135e-01 1.423240142533311048e-01
5.575013728724155862e-03 3.966051319469901006e-03 7.639203422491486358e-05 1.503922277365328519e-02 8.064439838560559515e-02 5.351589352729139160e-01 3.594636156459715126e-01 7.637083943682922680e-05
6.308241676356551571e-05 6.308214313333625515e-05 6.305754772807351156e-05 9.984703074229592801e-01 6.306925314004220096e-05 6.307195665786924810e-05 1.151233302122025735e-03 6.309595749585123338e-05
7.434296371620907617e-05 5.110138544358890610e-03 7.434407287183843790e-05 9.887741169098642757e-01 7.435090822085790006e-05 7.435214342163860173e-05 5.743985740384855050e-03 7.436871716153794967e-05
6.081276885871374915e-05 6.078467218607162831e-05 4.172768583422023676e-03 6.723865584521779293e-02 3.501911985773555336e-01 6.079027509158108501e-05 5.781541974419722729e-01 6.079183589601256510e-05
6.716772723851385058e-05 6.717606094808245933e-05 6.715301039958601712e-05 6.714947199693393196e-05 6.512454741793724522e-02 9.983451644878904574e-02 8.223892310329014022e-01 1.238305882978908007e-02
8.120060788432577055e-05 8.122272784208098729e-05 8.119222609440447430e-05 8.989813063231818502e-01 9.047701888540555376e-03 1.536732740023328408e-02 7.144715058663640705e-02 4.912898239587200518e-03
6.139056929822543987e-03 1.270922517313071154e-01 7.481493570708382945e-01 6.977288848146619669e-05 6.976673438446267487e-05 6.979171604531556646e-05 1.183402090806518897e-01 6.979384846885080228e-05
1.687103175627680807e-01 6.893186203996700485e-05 1.368717687916866932e-01 6.895627355981592170e-05 4.189224506184140683e-03 2.295529602701428321e-02 5.079703667097869024e-01 1.591651382669601045e-01
9.452563606798017846e-04 1.242593459241118775e-01 6.780907786036176766e-05 5.053639644479980264e-01 6.781352973310407137e-05 6.778854043549425740e-05 1.968303558817962595e-01 1.723976662373850888e-01
6.013068384130069950e-05 6.012007857939154275e-05 1.077779335117548531e-01 8.018131884865289383e-01 6.014194377805926297e-05 1.712496789427162295e-03 8.845585600071007026e-02 6.013250538008520587e-05
8.151853922370103772e-05 5.657370607711177495e-03 8.150194400057533199e-05 9.864403496594606469e-02 8.153118063674097350e-05 6.863911246857716010e-03 8.885086142296086953e-01 8.151728601547661467e-05
6.099917702626833291e-03 3.839561860019291561e-01 8.314240285387829231e-05 2.991881740420760938e-01 4.896658327000991823e-02 6.477285011875519305e-02 1.968500120882485660e-01 8.313437350036253582e-05
8.949624651364663857e-05 8.949204946524246559e-05 8.948104880925056553e-05 9.906239157653317084e-01 4.715823629693035625e-03 4.212785566527444889e-03 8.950225019953640703e-05 8.950344346013247999e-05
7.613909065590647148e-05 7.614802714968129673e-05 7.616763362167694082e-05 7.996441491203817309e-01 1.242237365373836250e-02 2.134521792557497397e-02 1.662836516121229402e-01 7.615293675466941090e-05
8.676092679098968568e-05 8.679228121312399999e-05 8.673674376965548815e-05 9.834196540148855137e-01 8.674000982760839899e-05 1.605982156246009429e-02 8.675658527423338231e-05 8.673787577874094302e-05
8.358244140141323701e-05 8.362685478372150830e-05 3.641660577396377968e-02 9.129611948811339195e-01 3.039901726972113472e-02 8.358025883366554268e-05 1.988876688685124738e-02 8.362563331099690629e-05
7.616396670862453637e-05 7.617218098017495360e-05 1.083535423418534836e-02 7.615714787996829020e-05 1.959354221170072144e-02 7.615647861778514183e-05 9.005962918776801995e-01 6.867016190224729810e-02
8.228720782532704999e-05 5.821191119346965648e-01 8.231099594458246376e-05 2.050600172515321812e-02 8.228848374516959524e-05 7.103544260422086504e-03 3.899421624082538562e-01 8.229298395925637615e-05
1.212434064858513433e-01 7.205842808955682506e-05 8.375597088816912408e-03 7.205813772898424392e-05 7.207996748364610667e-05 7.206485967436985119e-05 5.963635461012342098e-01 2.737291889311210258e-01
4.664918208921903925e-02 7.357412397125579785e-05 1.027422302335940230e-01 2.277006865504591915e-01 1.422997224822585699e-02 7.358176381912691106e-05 5.816652955295766869e-01 2.686547746113478879e-02
2.608084491933874982e-02 7.487959530878914754e-05 2.735998170355517789e-02 9.279232154216471296e-01 3.203408506700278126e-03 1.520790521406016095e-02 7.489023996629711410e-05 7.487439942338708072e-05
8.482836292866384193e-05 2.339088252888484043e-02 1.836369273825289583e-01 5.531028293030527676e-01 8.481917770732085254e-05 1.659787088320525961e-02 2.230170061406633319e-01 8.483622102892893657e-05
1.201154072502834532e-03 2.462235252472914221e-02 8.025391747310154722e-04 9.730992156953764960e-01 6.868034745563422381e-05 6.867978288613964873e-05 6.869151520753782967e-05 6.868688711121297879e-05
6.930798771929546492e-05 1.115542154366530869e-01 3.075960546095050235e-02 8.087467122359121019e-02 6.930008964696722170e-05 5.722442561683759032e-02 6.580046352336039739e-01 6.144383895099723991e-02
6.253694445768654970e-05 2.412753010132688905e-02 2.603194601268442043e-01 6.445505783282277391e-03 2.429304938996855179e-01 9.280245567898605386e-02 3.732494942988356379e-01 6.252316658173305141e-05
7.147101323925959023e-05 7.149330520406760022e-05 7.148024480546027288e-05 9.892218778467447571e-01 7.149119941715940474e-05 4.730512636313501107e-03 5.690185082909374192e-03 7.148867136637402449e-05
2.031329276196732758e-01 2.192621721602417534e-04 7.868570860579555124e-05 7.865904104016835461e-05 7.869935972763988767e-05 5.910039083701669471e-02 4.098093236372404302e-01 3.275020516245357727e-01
1.086627764447534330e-04 1.939212624837259591e-01 1.086801154429618133e-04 4.245269131687511854e-01 1.086084920890164815e-04 1.086773366606814863e-04 3.740608194939139541e-01 7.056376132971459852e-03
7.859401140054901613e-05 3.636764996532546035e-01 5.377941880164263111e-01 7.858102062347914647e-05 7.857086049859052918e-05 7.860957828464918968e-05 9.813636778934151095e-02 7.858907017039234002e-05
9.690314587946094807e-03 7.627810413823035089e-05 3.292699961050576853e-03 7.626086181394711554e-05 8.691447123781782802e-02 7.627045707785914995e-05 8.997973998854136291e-01 7.630490474186696229e-05
2.619523296452428221e-02 8.569874646171378940e-05 8.568468740306852316e-05 1.603484898251057444e-01 1.936757464169898968e-01 8.590702856004951357e-03 6.109327501456534026e-01 8.569435785691420970e-05
7.250559976590595021e-03 3.544655260949722275e-02 1.826016166919508174e-02 1.951824811811779803e-01 3.573253706257952661e-02 1.068664911868410644e-01 1.526218462678488597e-01 4.486393700462696921e-01
7.246978363453104475e-05 9.496212253957335425e-02 7.247912721972555325e-05 4.406917256513090408e-01 7.246253171135993044e-05 4.491656700603989250e-01 7.245853655279911511e-05 1.489061176960030514e-02
2.887273263140673085e-04 8.521699135232646896e-03 4.221298300708281048e-01 7.704253898894518977e-05 7.698354951573007049e-05 7.701278020602238814e-05 4.846634744110460136e-01 8.416523018786850607e-02
7.443058115292612001e-05 2.711475469679954231e-01 1.264951184511803606e-01 7.443745415731687558e-05 7.440472265803610137e-05 7.443922325999108465e-05 6.009879350379879748e-01 1.071687561607870222e-03
7.681969568254577480e-05 1.507839221868851054e-01 7.679951154031713890e-05 7.680335931784005199e-05 7.681680327481185157e-05 7.679854206364750060e-05 8.326298304661772232e-01 1.620220943505859199e-02
7.784946969230170080e-05 7.786116285325271212e-05 7.784391227689189377e-05 4.346068244377676026e-01 5.088412450833503797e-01 7.787431275617149966e-05 5.616264026150155630e-02 7.786135980190100653e-05
7.899764664840959938e-05 7.899192815653107368e-05 7.896154859573388171e-05 6.990442371429778090e-01 7.897125171480736359e-05 3.106739864582230490e-02 2.026853235933109842e-01 6.688711824277333851e-02
8.426495782403158746e-05 8.427277275790506480e-05 8.425531930888503643e-05 4.349263494079930736e-01 2.015905011323856078e-01 8.428528924299783594e-05 3.630618002366255426e-01 8.427088386201542864e-05
2.892589177934771355e-02 7.133557450634457706e-05 2.635135127748459288e-02 7.133166009047934523e-05 7.132552746460665914e-05 7.134921817955886252e-05 5.291140579852805503e-01 4.153233569776461631e-01
9.591678044845782110e-05 6.847741317044123664e-03 3.189502430747292311e-02 2.413639126049954842e-01 9.591000196701824504e-05 9.597832166624867213e-05 5.532530351713377259e-01 1.663524814950679831e-01
8.593993484118734921e-05 8.590920023091414514e-05 1.228759691422592025e-02 1.699936969177981150e-01 2.346303241784056803e-01 8.590193612239925948e-05 5.827446701194074485e-01 8.596079896817618879e-05
2.487571009468125816e-02 7.738798857762179122e-05 9.452889970600866776e-02 7.736398784882166167e-05 1.758898317280932766e-01 1.494538725777579957e-01 4.158713779471498451e-01 1.392255559698825917e-01
6.740241020921173491e-05 4.322305568261009534e-01 6.740524351977127907e-05 6.741082871821517885e-05 6.739297379018613636e-05 6.741451670552603762e-05 5.673649999344587691e-01 6.741726649740536950e-05
4.824659252234196338e-01 6.295458135491266297e-05 6.295406846245831195e-05 9.911556411293194480e-02 8.829268483579150173e-02 6.294394667983002384e-05 2.425947960438200046e-01 8.734217718753972681e-02
8.892434733787503258e-05 5.442857473844108646e-02 8.893568650512942420e-05 8.398730936967804261e-01 8.891896404683669541e-05 9.950540818865300993e-03 5.930270204138605311e-02 3.617830970663721973e-02
7.358286663439772210e-03 3.176809629292483006e-01 2.237431503100855978e-01 1.345242087522946321e-02 7.535431708700768955e-05 1.546096930679769499e-01 1.901630961029731892e-01 9.291703573395961036e-02
9.778537194958056441e-05 5.337326315927397834e-03 9.776700658633634921e-05 9.940759801610926649e-01 9.776808758088811511e-05 9.776541475288231706e-05 9.778762302822223819e-05 9.782001908183112176e-05
6.713057082279658540e-05 6.711940040855087170e-05 2.858281016612752683e-03 6.713105263467578402e-05 1.697736453363177245e-01 6.714942791949189119e-05 8.211387287113297573e-01 5.960814483954158041e-03
1.015072790276233289e-04 1.015717916487060281e-04 2.506718091337446427e-02 7.273580236398234922e-01 1.014973266791436776e-04 1.015328217640529127e-04 5.661632284149086675e-02 1.905523633861916644e-01
5.477549534257047936e-02 3.425010438775309696e-02 9.711963042756428799e-02 7.847178840110961839e-02 9.426415296733927415e-04 6.660070416265000126e-02 6.351589245459690058e-01 3.268071120271008601e-02
2.675091442529945462e-01 3.551643760089742696e-02 6.591882399074026899e-02 3.482669057404113450e-02 9.685819532421188543e-04 2.251190163997912955e-02 5.727152359135060378e-01 3.318407459928710132e-05
2.682251565936020457e-04 8.723758613393052530e-02 1.840896585071099059e-02 1.807055651849961142e-01 1.244677481275394682e-01 6.650074830802542498e-05 5.887789196230928113e-01 6.648917482852935922e-05
7.274846808056084516e-05 2.173080318825071355e-01 7.274227973898263167e-05 7.275465206381345501e-05 7.272584324528758048e-05 7.275301072235131040e-05 7.788967377485013222e-01 3.431506115140511674e-03
5.010341603896850682e-03 5.037223120921004993e-01 7.521535257517988904e-02 8.068373039392840330e-05 8.063687028659356890e-05 8.067653120067784370e-05 4.157293208102356141e-01 8.067578670597794579e-05
6.807764298460019343e-05 1.408913825510082762e-01 3.257001318730182171e-02 2.585302722759429406e-01 6.806422504099093266e-05 6.807454292391902412e-05 5.669209169822256866e-01 8.831985925717491257e-04
8.906308515473447117e-05 8.904611121337692816e-05 3.032607406982613663e-01 5.125721692771573884e-02 8.907065534692432346e-05 5.612619040733330539e-02 3.972277103007362253e-01 1.918609618142384232e-01
8.647615229622528988e-05 2.302059055286859446e-01 8.645467041212395037e-05 8.649540063498974683e-05 2.997780200040497250e-02 2.958946178146547590e-01 1.909120655166800795e-01 2.527501829162309699e-01
4.191014023050406712e-01 1.916593434284085407e-01 6.082521563880431302e-05 6.050480280592396981e-03 6.084475714546592112e-05 4.908746350202866648e-02 3.073667609717062321e-01 2.661287953943907228e-02
8.754655137329321927e-05 4.838272919219079315e-01 8.755267267433294756e-05 2.974619278183439700e-02 8.752945281591751529e-05 8.753872555778307218e-05 4.859887956697906408e-01 8.755222404577790653e-05
2.290453346792246381e-01 6.694666161099165199e-05 6.695512984423674719e-05 3.811556749776951469e-01 6.694080597778987211e-05 6.695764336195477806e-05 3.894642175294592001e-01 6.697257282599987220e-05
8.178776846462267318e-05 8.174753935609689593e-05 8.490429135390448060e-04 8.993585660124885361e-01 9.938350680584966124e-02 8.179420966554573158e-05 8.176321575578809615e-05 8.179153488052107667e-05
8.127751695062750202e-05 8.126978069622191347e-05 8.366359946875737835e-03 7.718321200225307654e-01 2.798808006516895208e-02 1.456975926826751533e-01 4.587200747101927156e-02 8.129251408330329120e-05
1.596748793453116625e-03 1.176342910575749710e-02 6.781718068438752768e-05 2.460806433930058101e-01 3.054096627865045543e-01 3.705170834146679498e-02 3.979621696237228834e-01 6.782077540499774945e-05
5.720219265673967465e-05 3.903584210017358447e-01 3.301499641103399808e-03 5.719617714784867607e-05 5.719672298549739698e-05 7.584279572502076322e-03 4.290593487361852865e-01 1.695248559556831736e-01
7.416283463161502717e-05 7.417530551172632361e-05 7.416631504095903989e-05 9.598404284641113282e-01 3.971454659286368510e-02 7.416635567061024040e-05 7.419150602483516100e-05 7.416262614510576122e-05
7.540777039443336482e-05 1.459060158280311159e-01 7.541684882877977753e-05 1.228656382530128044e-01 7.538814152889014672e-05 7.541820364957394515e-05 6.898667506696691820e-01 4.105996428488512678e-02
7.080882779160056935e-05 7.079201984308689975e-05 8.619520614373039624e-01 1.631640701657450631e-03 7.081080202788955780e-05 7.079246653006319350e-05 1.360622895116593289e-01 7.080423318673773644e-05
6.256634502121909765e-05 1.279473240953827098e-02 5.744864078744659625e-02 3.762787961510086210e-01 2.839012308582337107e-01 1.095112437189424588e-02 2.585003566828675270e-01 6.255239398991710063e-05
2.296067420270573450e-02 7.957870212267292528e-05 7.960174925224607415e-05 7.960194452776608496e-05 1.296361724816790517e-01 2.088940574570520570e-01 6.381907046037214037e-01 7.960885893909889750e-05
3.382316474323963235e-02 4.362642766885184153e-01 5.979868984353407108e-02 6.328863226208515679e-05 8.767217800525039378e-03 8.325858812655294316e-02 3.779614768282527071e-01 6.329733711507358224e-05
4.773100758205633259e-02 6.975443816569290708e-05 1.871082809545866060e-02 3.867084165230350035e-01 8.878008110229081151e-02 4.807208759592207048e-04 4.574494498197914649e-01 6.974156324288891548e-05
7.337901305790554959e-05 7.339569975985964678e-05 1.047756339595759256e-01 8.345088076815039280e-01 7.340089276188004270e-05 2.193327000867637249e-03 2.147662615516157669e-02 3.682542959731124887e-02
6.595154686944989055e-05 6.594571358448435511e-05 3.938487624662727615e-01 1.908187241301543269e-01 3.711319500317670772e-01 6.595563808298598606e-05 4.393676315762887891e-02 6.594731564017912505e-05
8.078113871578290381e-05 5.263681164049063832e-02 8.077312104194807850e-05 3.117113272073052666e-01 3.404105285512876722e-01 2.262894397423603418e-02 2.718750390234489500e-01 5.757953434736046323e-04
9.172546578624523358e-05 1.596075222218695019e-03 9.169852910895076039e-05 9.173583373365911233e-05 9.172527678981999349e-05 4.770371740119578458e-02 3.072283395597939504e-01 6.431049827113729522e-01
6.698377628404761483e-05 4.878676146910065903e-02 1.660964206474896954e-01 6.132241591336738337e-03 4.763847553520179079e-01 6.699594275767622455e-05 3.023988559098806927e-01 6.698531113274486281e-05
6.880968791170195169e-05 6.879610631978852746e-05 6.880860560143925854e-05 3.212662671159785543e-02 1.041410818818830006e-03 5.726619106553415550e-01 3.938948350252949870e-01 6.880238911383645798e-05
7.661814270065129412e-05 7.663151029534541361e-05 2.721602411118216602e-02 8.446899888634643583e-01 1.233874403868468264e-02 7.661923769914527160e-05 1.154487595149561591e-01 7.661458101764565258e-05
2.054053399432617666e-01 9.313067167388591446e-05 2.464034927284234136e-02 3.351310028677143005e-01 1.851150794975082170e-01 9.315833188940849817e-05 2.494287942125767432e-01 9.314520253337150643e-05
9.604247678941341083e-05 5.890515514627311933e-02 1.275321270370850281e-02 9.600863188804204646e-05 9.594512790422137058e-05 8.689427707166234027e-01 1.693718133440250129e-02 4.217368386241084066e-02
8.284227272976183343e-05 5.239973293800733734e-01 8.285013889725527771e-05 2.515788663085491710e-04 8.292256745704216061e-05 3.627809536329648643e-02 3.773575671732647407e-01 6.186681423797274482e-02
7.103442513958224138e-05 7.567670349288306043e-03 6.137424828628190200e-03 8.148394865292507561e-01 7.102427214477919498e-05 7.101046003901747270e-05 1.187833481787852891e-01 5.245900095672404589e-02
1.842720401713501543e-01 3.619331657919500067e-01 7.865898760416890065e-05 4.009528898523783205e-03 5.551895950612719538e-02 1.036547491908218141e-02 3.639529217304870445e-01 1.986924999487548957e-02
1.793484254411830195e-02 6.651131776946667877e-05 7.827354219172720784e-01 2.083479673304680299e-02 6.655086656282784734e-05 3.478457451623680197e-02 1.435107874928056026e-01 6.651461218822090011e-05
8.346580877860269865e-05 8.345919138122448195e-05 8.345799310763200266e-05 3.548271831595027626e-02 3.228708710292816503e-02 3.595281614375906570e-02 8.959435243861557652e-01 8.347105793929012602e-05
1.716277071440974712e-04 1.717447362808480183e-04 1.716857494606344018e-04 1.716456987799782176e-04 1.715805515052741548e-04 8.944498431321636911e-01 8.717062021067788213e-02 1.752125221398750932e-02
1.852521446493820764e-02 3.282674254358514468e-03 1.042965925006223912e-02 7.447473449610917395e-01 7.714492268666759507e-05 3.076329798721553002e-02 1.067788647379395300e-01 8.539579942170777427e-02
6.798030033068928890e-02 1.601533155047945786e-02 3.070093163896283565e-03 1.304082865555055426e-01 7.369364650218964709e-05 1.107114517307114937e-01 8.907243052175391196e-02 5.826684125004617520e-01
6.936183877432942717e-05 6.934524153903421056e-05 6.932648821940500113e-05 8.718773351941451200e-01 6.932554463316409332e-05 1.049091862837874672e-02 1.172850479315969280e-01 6.933913271331395222e-05
6.216219010542226801e-05 6.922944995005493318e-01 6.216431565140548201e-05 1.848086811459625362e-02 6.214878938810216864e-05 6.215856994351239874e-05 2.889138504300047816e-01 6.214808976122312804e-05
7.018490738344209670e-05 7.018174797106735072e-05 8.023022919348204995e-01 2.672462200944989569e-02 7.015921721077183365e-05 7.017005473545661926e-05 1.409988995096765618e-01 2.969349061875231274e-02
3.724623360151647633e-01 7.258484997638775733e-05 7.258480544386875465e-05 7.257411033176305361e-05 2.427783656369148779e-01 6.441314083093810372e-02 3.200558459783486853e-01 7.256777288173441335e-05
4.007535326085440164e-02 6.825398237993140214e-05 6.890037337729115405e-03 6.827593556972656817e-05 6.827166281774304428e-05 1.558752362687197690e-01 2.810195584343034292e-01 5.159350131176259069e-01
2.683047080843410925e-01 9.486388864475589489e-02 3.142660304753135819e-02 6.084905413986404609e-05 1.289977817170983587e-01 4.767673314512627797e-02 3.494412427077249195e-01 7.922819359928219562e-02
1.046666228099662893e-01 7.025034607667270386e-05 7.024772073148623155e-05 6.642571132698184000e-01 5.122550613001147085e-02 4.602919908071074519e-03 1.750370936588838966e-01 7.024615644072253651e-05
2.080657149857655010e-03 1.660352118389121778e-02 2.716400816088570050e-02 6.959799630584335706e-01 6.855650396399717383e-05 6.848595840198756562e-05 2.579662901546081466e-01 6.851782995759359896e-05
9.218559855782186563e-02 1.056028274550270679e-01 7.086450791008655221e-05 7.546830542283571031e-02 7.085383516642434728e-05 7.085326881014000766e-05 7.264598321686165372e-01 7.086478381226460940e-05
6.779272927427064215e-05 1.043579838454778558e-01 5.424876742098892236e-03 6.832848528765360363e-02 6.779230670677119060e-05 6.779359769356759174e-05 8.216174685660663224e-01 6.780692502880466112e-05
5.460349236410909081e-05 5.459665093829857397e-05 6.513935367912393470e-02 5.460206858582201592e-05 1.342641282763512751e-02 5.459642165029449725e-05 8.887045359734441208e-01 3.251129888625819975e-02
8.130856959194663529e-05 5.993329459632679157e-02 8.130078320916449936e-05 5.546505021863421536e-01 2.261868000247043049e-03 3.693624620493392574e-01 1.354795830133152627e-02 8.130551361215857648e-05
8.202082981016585699e-05 1.724011118242285423e-01 8.207287660358116943e-05 1.416654945289404499e-01 1.980280414383589482e-01 8.202669960533709914e-05 4.875772101401269487e-01 8.202166232599190931e-05
8.184472581864247738e-05 8.185613749134575232e-05 8.185155958138693713e-05 9.029103785946693828e-01 8.186812460577784045e-05 8.184680807826536896e-05 9.659852149057454596e-02 8.183255918058979705e-05
6.549690020437698131e-05 6.551539920722113889e-05 6.553001675180128525e-05 6.553441789646486889e-05 1.818501490427407719e-01 6.552216207151740778e-05 7.682312969855741303e-01 4.959095507555374982e-02
7.198670042034987799e-05 7.202102237741512722e-05 9.556374384297672969e-03 1.357866809496305061e-01 2.197029280731138401e-01 8.812417574675773238e-04 6.338567515461737134e-01 7.201556651893631649e-05
7.824263192958565930e-05 5.661230794473699479e-01 7.824384344298692404e-05 7.524731677946609222e-03 1.532039468645933272e-03 7.824726931776299456e-05 4.245071530893021472e-01 7.826257204519812040e-05
2.402498254218758678e-02 7.716367410437277878e-05 8.673032668877460605e-01 7.715826024307502365e-05 7.714016810419349873e-05 7.715763532858976610e-05 1.082859797618587749e-01 7.715107042727007499e-05
6.177877726509014428e-05 3.663678739819638264e-02 6.175884782828673007e-05 7.800524895565593697e-01 6.174239680215792370e-05 6.176169927866208200e-05 1.322750597426374519e-01 5.078862158143247069e-02
1.762684518619578311e-02 4.538076761022425548e-02 1.586706854399099267e-02 3.396781496218487500e-03 8.140356590508240409e-05 8.141628000167570260e-05 4.849812523503532202e-01 4.325844649671106157e-01
7.948073695920639256e-05 2.629524960999157779e-01 1.550566772356460898e-01 7.947336177989643526e-05 7.173397943826808135e-03 1.433035896154229334e-02 5.602486173391481028e-01 7.949832118187688795e-05
1.862838589203102621e-02 1.667698071794714854e-01 7.776465499132773236e-05 2.875090709709818976e-03 2.103165624000286407e-02 1.423264566943134926e-02 7.763066425056865949e-01 7.800714867558326544e-05
8.205095233620642449e-05 1.229434022464875832e-03 4.997880120699527140e-01 1.020635429708286954e-02 1.492235536108393185e-02 1.772209928535121905e-03 4.482038050395666939e-01 2.379577832897766462e-02
9.638683773442978115e-05 3.371201136776446061e-01 9.636650343652778186e-05 1.953674809801424217e-02 9.635425773554833666e-05 1.733839611570928141e-02 2.208321520691638173e-01 4.048834824405614929e-01
7.415879015359358700e-05 7.415135601926963621e-05 5.233521362824923584e-02 4.578291698881837846e-01 3.915434607242057607e-01 1.278698953999859566e-03 9.679099335110270819e-02 7.415330808577697561e-05
1.658570613731486995e-02 1.377383375133967858e-01 5.119616053642883635e-01 2.461449724789245841e-01 8.446325516941308631e-05 3.490793285646996008e-02 5.249249833573162854e-02 8.448405870427154593e-05
1.615306356850175441e-03 3.990649618524429454e-01 8.447007937445025932e-05 6.753007232027019580e-02 4.183847524402715679e-01 2.766124328396717472e-02 8.346182043603991851e-02 2.197373230783503713e-03
7.864155733261807995e-05 1.008789859340902539e-01 7.864661514543231919e-05 7.864541601228899252e-05 7.864018849951576640e-05 5.768320817503855800e-03 8.929594582997441021e-01 7.866117167199519365e-05
1.417933662947745168e-04 1.643574783242005835e-03 1.417722067866855097e-04 9.187963973039078303e-01 1.417605916232045804e-04 5.562938604080563260e-02 2.336351521653085711e-02 1.418004908090495213e-04
7.606080493379642894e-05 7.607550063297969871e-05 7.607467162194481668e-05 6.936411796122372575e-01 7.606248592710869558e-05 7.605324334706761984e-05 1.001689002003021411e-01 2.058095934809975047e-01
7.904304898713766510e-05 7.904496442670147450e-05 8.387664842618021144e-01 7.903387869254601187e-05 7.904051247485218887e-05 7.906635921267255156e-05 1.607592294098285635e-01 7.905756457555587389e-05
7.995441030097779136e-05 7.994186775539004457e-05 2.018721764274113845e-02 2.260933975148591343e-03 7.994905249170280071e-05 7.993516248530236636e-05 6.784812836247153811e-01 2.987507842643616351e-01
9.639586431142413610e-05 9.638311257870417340e-05 9.639053673391439743e-05 8.591684384657148899e-01 1.510609716592497230e-02 9.638957840375944640e-05 1.252435184779604749e-01 9.638679837183960813e-05
3.162527118423343886e-01 4.959100035796999706e-02 4.233711351110838739e-01 4.169779453637282446e-02 6.345975190196166281e-05 5.651502664016368020e-03 1.382842017979658555e-01 2.508819393835469772e-02
8.109410435508875871e-05 2.740141578932796945e-02 8.108030981831082051e-05 9.377291886936663934e-01 8.109162788460823866e-05 5.318599497581998417e-03 7.702574243451556883e-03 2.160495573391400803e-02
1.179988780684585181e-01 6.309538020225772994e-05 6.311149399277654777e-05 6.310250912959443391e-05 6.311651356972760804e-05 6.309182180724571794e-05 8.816225009521552192e-01 6.310326068464836935e-05
9.012404322625085945e-05 6.690259339585100107e-02 9.014240866114457522e-05 4.291413247257105414e-03 9.012027695236704344e-05 9.012759633888993015e-05 9.283553364806681474e-01 9.014255104506427969e-05
2.769518290932853222e-03 7.070458754688167759e-05 5.737283233089100765e-02 6.723504176174317504e-01 2.314318598485547995e-01 7.069701361254771173e-05 3.586326628484772655e-02 7.070402618225894947e-05
6.073560159577014183e-05 6.074055996933287711e-05 6.076843058602141273e-05 9.144248026091682524e-01 6.073973709682562209e-05 8.521071912273746329e-02 6.075317136799897338e-05 6.074076747831773262e-05
7.806502648923103452e-05 7.805841524897094100e-05 1.028093130549928395e-02 2.758489215118818949e-01 4.891071842497764915e-02 7.804146957168515866e-05 6.284300811271886777e-01 3.629518271914264349e-02
9.599982400831104758e-05 4.621736951037584973e-01 1.946614870219664020e-02 1.080277112106283049e-01 9.597215522420608324e-05 9.600694977197148073e-05 3.249156532298322353e-01 8.512881282457994414e-02
1.135133871596144678e-01 1.613846369348603121e-02 8.288665951863399264e-05 3.188295443970273063e-02 5.022562422300710233e-02 6.475145211259326627e-01 7.327152382881416126e-02 6.737063886992421258e-02
1.179887703432644791e-01 8.629692740919426891e-05 8.627455158614982334e-05 2.127533796477797806e-02 8.629646374447897696e-05 9.466142942509253588e-02 3.621139337941117753e-01 4.037016605300134953e-01
7.839460406241661864e-05 1.606977385328414443e-01 7.711830096044997029e-01 7.838269866818160033e-05 7.835343220554805740e-05 7.839149136533005884e-05 6.566560229925197389e-02 2.140127337105475827e-03
7.453261201795774026e-05 7.450874950489008968e-05 2.250259047655477906e-01 5.742082676012416620e-01 7.452540880572541869e-05 7.453499376772651746e-05 2.003932139571596438e-01 7.451191195454293342e-05
6.763640841545783976e-05 6.764863810187087586e-05 6.763360277837093988e-05 6.545346396181740412e-01 6.762267360349496093e-05 6.761214750823991884e-05 7.454579103346538338e-02 2.705814158779531464e-01
1.016341677959164535e-04 1.787364714530128573e-01 1.016240832102715467e-04 1.016176063825340422e-04 1.015943756734042399e-04 1.748978148003431932e-01 6.078972574376383387e-01 3.806198607594352828e-02
8.202281802628514609e-05 8.203954013332094173e-05 4.492830204441199404e-01 3.487459661977576064e-01 9.743139979772583864e-03 1.350696675687892805e-02 1.733334654113009021e-01 5.223378852010398740e-03
6.834131185104067030e-02 9.726737134784285352e-03 6.426893315366842552e-02 6.836414111767587232e-02 3.603952751430171686e-01 2.276724384812775503e-01 2.011657756991518664e-01 6.538741938417742643e-05
4.651718476160135191e-05 4.651289409476600895e-05 9.052741763167808375e-02 1.225367309049634340e-01 1.676688580580703858e-01 1.729692180949515259e-03 6.173977550894607091e-01 4.651605602151010323e-05
8.891100890137635672e-05 2.852132921508112040e-01 8.892671900904076433e-05 8.892021503217409644e-05 8.888329210514729010e-05 2.116918440250790956e-02 5.895024917275107912e-01 1.037593904841222076e-01
7.954541376212860213e-05 2.301209833122573774e-03 1.620112653015510495e-01 1.948229107176800701e-01 8.124300821447903720e-02 3.434287958462633461e-01 2.144891577737394195e-01 1.624106899402274389e-03
4.893537019312196867e-02 4.815469242381299232e-03 1.774640529439385980e-02 6.235406852736791183e-01 1.621676173929423336e-04 1.622108216111920658e-04 2.099310858056186169e-01 9.470660575180087082e-02
7.034388908430487660e-05 1.313363668096164671e-01 5.984541167680164087e-01 2.820985075235901696e-02 7.032020146605125709e-05 1.662944542941715079e-02 2.104421165452714237e-01 1.478743960476923240e-02
2.400214838399444134e-02 7.542238017068212286e-05 4.894980215199453560e-02 7.547792297557003234e-05 7.540043108574322292e-05 7.540744639320624484e-05 6.176429857891769792e-01 3.091033554942086981e-01
6.272469935733963593e-05 2.551434062040386710e-03 1.598351226283135362e-01 7.980052095431240389e-01 6.272689077419128854e-05 6.275530741992368293e-05 3.596550042702342104e-02 3.454526441947078190e-03
7.896362930198451500e-05 1.959653302857836121e-02 2.012316722011110726e-03 8.459797911386367497e-01 7.890405977376901221e-05 1.018922118099000948e-02 1.219853176043887988e-01 7.895263631927427561e-05
8.267986393790339376e-05 3.430760730010506410e-01 8.270655896728827173e-05 3.568345297061831407e-03 8.267744092546417138e-05 1.523827240796162691e-02 5.545733224721789423e-01 8.329592295791625467e-02
2.870114283731180910e-02 1.048693869805380173e-02 8.953140666196375899e-03 1.310325524442721877e-04 2.560171731200681141e-03 8.746299948080760167e-01 4.421900791303098183e-02 3.031857079368613025e-02
7.549239865629523262e-05 7.548029130110205749e-05 7.546542965888234896e-05 4.773236245017513646e-01 7.550240208984526191e-05 7.550058228311533912e-05 5.222234204019726711e-01 7.551399228675946757e-05
6.093836750319201346e-05 6.094724175955434941e-05 1.720021549499708702e-01 8.197956676112331253e-01 6.096077098321978419e-05 6.097057127198375251e-05 6.102153269830220097e-05 7.897338954579733242e-03
7.111270524489573782e-04 1.250906955129798756e-02 3.487067104036838949e-01 4.236118517054046628e-01 7.111595734886124462e-04 7.110240863656898695e-04 2.123277703028182140e-01 7.112873244917195274e-04
7.709450739064304130e-05 4.483826808521363793e-04 7.710412175785354085e-05 1.190384678472942992e-02 7.708647745895701490e-05 7.710370317581629099e-05 9.872622776723354310e-01 7.710405229969979402e-05
2.452080421760891304e-01 6.107421797956802173e-05 1.078821697974825522e-01 6.105656413583127648e-05 2.687732486909929358e-02 2.422164997022478172e-01 3.776327763231628887e-01 6.105634980294747857e-05
3.274543904484459866e-01 6.251478546612273114e-05 6.251159141741158363e-05 6.250585492706329149e-05 4.273963036804149553e-03 6.250005005712500452e-05 5.747328712419068619e-01 9.328874299097532352e-02
8.290235756618861279e-05 5.405900592877308820e-03 1.456424263932772772e-02 9.068872145869585344e-01 7.281100806734666642e-02 8.291847607213933299e-05 8.290470821444823166e-05 8.290857163708310038e-05
6.473974718514793197e-03 8.522574421913930217e-05 8.523968261965009729e-05 8.523666033211375870e-05 8.524741103744972858e-05 8.524748630210908810e-05 5.396879190712605689e-01 4.534119092257142269e-01
7.232555750187323498e-05 1.908608443235670082e-01 7.232885230116091100e-05 3.958856743136024425e-02 7.229924227142197940e-05 7.231713986584002555e-05 7.402564145520058592e-01 2.900490290112663419e-02
9.307183184452349730e-05 9.307091226572035089e-05 9.306209908286105419e-05 9.993485064201327317e-01 9.304893880864048106e-05 9.306340875617539164e-05 9.309797957456951044e-05 9.307840953479572970e-05
2.409853288007479839e-03 1.701098263904059771e-01 7.677763763811048473e-05 7.180053057717072917e-01 7.674685531457953809e-05 7.679347491463799232e-05 8.430591760659254807e-02 2.493877897541941016e-02
9.066555040447471015e-05 9.063827902729749183e-05 9.066406926262560791e-05 5.316614942035625679e-01 9.392195812140143041e-02 9.066054912431766141e-05 3.739632825337866895e-01 9.063669343074109541e-05
1.962609982346252488e-02 1.885827754443041016e-01 3.456024139078477109e-02 8.010149065525130896e-02 7.637495120997371361e-05 7.639182985442903768e-05 6.423864026563546048e-01 3.459022324877835536e-02
6.376661298669120126e-02 1.711943212138527723e-02 8.487453693378224032e-05 8.486889563667444545e-05 7.812726843189472803e-02 5.689115505405988038e-02 7.225792356739115796e-01 6.134655229948678817e-02
3.720452778595974008e-01 1.548713316595463629e-01 6.878708264013539363e-05 1.220489196601254323e-02 2.915273399781211083e-03 6.878995372179594976e-05 4.486155726398016741e-01 9.210075438898929212e-03
1.596769205181502449e-01 6.610078010757812527e-05 7.249461671863551004e-02 4.736646773335115995e-02 6.609089784596733190e-05 6.609151627704534034e-05 7.201976295361983693e-01 6.608229943417722331e-05
6.093490529372386222e-03 1.800611304156863324e-01 7.670397158148208419e-05 8.647340334175673826e-02 7.671599461051861973e-05 7.672232378764978333e-05 6.804904616644954496e-01 4.665137175870944647e-02
5.127811982764266040e-05 5.127359736630969283e-05 5.129759581640957008e-05 9.134941439097014060e-01 6.114700791605426344e-02 5.128704773679211126e-05 2.201389951365140263e-02 3.139812299845804507e-03
4.052796965241001192e-01 8.802176231218457130e-05 8.803929531073478431e-05 8.802043101840021180e-05 8.802226819290978014e-05 8.802192517764566542e-05 5.941921377209538058e-01 8.804007293414013605e-05
5.543117144518439066e-01 6.939446110657565840e-05 5.677416859027091534e-02 2.265721966183074088e-01 8.932662954487514961e-02 6.939365855639425000e-05 7.280709846555727394e-02 6.940420948238922754e-05
1.374604683189206422e-01 8.252456903891494449e-05 5.892806686046692978e-03 8.249346263443293071e-05 8.256153497263537546e-05 8.251375090249387203e-05 5.893045690811717918e-01 2.670120625963123273e-01
6.829813697451751905e-05 6.828482785857262704e-05 1.400348671674051925e-03 1.133888195860879855e-01 6.043647978209331084e-01 6.830051856392787538e-05 2.805728687004528377e-01 6.828173745493023043e-05
1.016876220522702258e-04 4.005302672419719379e-02 6.947895441883306100e-01 7.115799420589140334e-02 1.016624877511501006e-04 1.033390399289377953e-03 1.926609688371046514e-01 1.017255353834435984e-04
1.354926260075794975e-01 9.580748609789502268e-02 7.685030107915823876e-05 2.566213896272983574e-01 3.162974782042753119e-02 7.685543400289251157e-05 4.802182149606284978e-01 7.682975108907211465e-05
3.962818484589387680e-01 8.031177376893616922e-05 8.031905010400143411e-05 8.030563921802559525e-05 6.452518801051942629e-03 3.840073836262807294e-01 2.129369957827983995e-01 8.031686783915245066e-05
1.036128175069090940e-01 3.377004930481258826e-02 5.050625761790362711e-01 1.756210949028304616e-02 6.488026919557758805e-05 2.748895606444131667e-01 6.497313193326115233e-02 6.487467208917573796e-05
1.136303060568381179e-02 7.453959584883684960e-05 7.452619353991830160e-05 8.908708058449886780e-01 7.452010268782448244e-05 2.568577921915011619e-03 8.181213725946709370e-02 1.316186247586890491e-02
2.323117475431437512e-02 1.494268617975781817e-02 1.087043198236105828e-04 1.087654200909340913e-04 1.851139962950604581e-03 8.960292943829286649e-01 2.184955402909941058e-02 4.187868095103463445e-02
2.280416734438377863e-02 8.979205664271747503e-03 1.227722333564862031e-02 6.638221235174243445e-05 9.569809168598002180e-02 1.048946845418312068e-01 7.552138890176794961e-01 6.635619785348081804e-05
1.098422688554629947e-04 1.098171969190487983e-04 1.098465006382680429e-04 3.001323175268005850e-02 1.098332782521007126e-04 1.098571270807912860e-04 8.156105388464944816e-01 1.538270330290796850e-01
8.006737128705085913e-05 1.363180897542596963e-02 8.879404048122300011e-03 8.410768831330323048e-02 8.003068809925039425e-05 8.004977693837372248e-05 7.534383227797855076e-01 1.397026280470383686e-01
8.663524756826420140e-05 8.665212195934226625e-05 8.662509720559903017e-05 8.934240194853273476e-01 8.662212596302398598e-05 9.324014331182287063e-02 8.663785583611033163e-05 1.290266475431739619e-02
7.944726200628369377e-05 4.694256382897461083e-02 7.944225373804946811e-05 6.405435075955309698e-02 6.923677676600278885e-03 8.771833224958699819e-04 4.231450125755713554e-01 4.578983223210604248e-01
7.030339742994293998e-05 2.912343225472905847e-02 1.141139494491170137e-01 1.826882135403146493e-02 7.029120343086990921e-05 7.029024020248551244e-05 8.382126202925492819e-01 7.029180850979246324e-05
6.781832359616370653e-05 6.781698655897244407e-05 6.783516900695902533e-05 2.771928483415754818e-01 5.032051155206961335e-01 5.985381713642310558e-02 1.594769310092164494e-01 6.781751292677052007e-05
2.371001943070758303e-02 6.553480634218915302e-02 1.032278538385773353e-04 1.032059406472468470e-04 1.031872440455776509e-04 1.860677828414212913e-03 9.084816412209678615e-01 1.032341391898896840e-04
